%YAML:1.0
cameraMatrix1: !!opencv-matrix
 rows: 3
 cols: 3
 dt: d
 data: [709.718616,0.000000,643.557001,0.000000,708.594512,325.163484,0.000000,0.000000,1.000000]
distCoeffs1: !!opencv-matrix
 rows: 5
 cols: 1
 dt: d
 data: [-0.168733,0.023609,-0.000486,-0.000433,0.000000]
cameraMatrix2: !!opencv-matrix
 rows: 3
 cols: 3
 dt: d
 data: [709.059010,0.000000,647.773701,0.000000,708.208060,348.858624,0.000000,0.000000,1.000000]
distCoeffs2: !!opencv-matrix
 rows: 5
 cols: 1
 dt: d
 data: [-0.169956,0.024700,-0.000446,-0.000415,0.000000]
R: !!opencv-matrix
 rows: 3
 cols: 3
 dt: d
 data: [0.999971,-0.001456,0.007483,0.001439,0.999996,0.002388,-0.007487,-0.002377,0.999969]
T: !!opencv-matrix
 rows: 3
 cols: 1
 dt: d
 data: [-119.368172,0.113404,-0.171064]