%YAML:1.0
cameraMatrix1: !!opencv-matrix
 rows: 3
 cols: 3
 dt: d
 data: [696.365073,0.000000,649.599223,0.000000,697.052905,324.497700,0.000000,0.000000,1.000000]
distCoeffs1: !!opencv-matrix
 rows: 5
 cols: 1
 dt: d
 data: [-0.168785,0.021401,-0.001101,0.000503,0.000000]
cameraMatrix2: !!opencv-matrix
 rows: 3
 cols: 3
 dt: d
 data: [696.329408,0.000000,652.379905,0.000000,697.198805,351.596573,0.000000,0.000000,1.000000]
distCoeffs2: !!opencv-matrix
 rows: 5
 cols: 1
 dt: d
 data: [-0.169225,0.021506,-0.001023,0.000248,0.000000]
R: !!opencv-matrix
 rows: 3
 cols: 3
 dt: d
 data: [0.999973,-0.001263,0.007282,0.001255,0.999999,0.001082,-0.007283,-0.001073,0.999973]
T: !!opencv-matrix
 rows: 3
 cols: 1
 dt: d
 data: [-119.663027,-0.077790,0.715446]