%YAML:1.0
cameraMatrix1: !!opencv-matrix
 rows: 3
 cols: 3
 dt: d
 data: [1199.864911,0.000000,523.011863,0.000000,1199.395295,397.501349,0.000000,0.000000,1.000000]
distCoeffs1: !!opencv-matrix
 rows: 5
 cols: 1
 dt: d
 data: [-0.101718,0.367607,0.003611,0.000904,0.000000]
cameraMatrix2: !!opencv-matrix
 rows: 3
 cols: 3
 dt: d
 data: [1190.197648,0.000000,505.301143,0.000000,1190.058434,395.871979,0.000000,0.000000,1.000000]
distCoeffs2: !!opencv-matrix
 rows: 5
 cols: 1
 dt: d
 data: [-0.082721,0.299377,0.004352,-0.002610,0.000000]
R: !!opencv-matrix
 rows: 3
 cols: 3
 dt: d
 data: [0.999993,-0.002862,0.002553,0.002852,0.999987,0.004108,-0.002564,-0.004101,0.999988]
T: !!opencv-matrix
 rows: 3
 cols: 1
 dt: d
 data: [-79.944343,-0.462190,0.570132]